1642333010 1161133861
1642333010 1654562460
1680738027 1784010372
1647631444 1642333010
1647631444 1719253132
1647631444 2007695831
1647631444 3330266210
2923323157 1680738027
1161133861 1642333010
1161133861 1226833701
2394651420 1680738027
1244352900 1680738027
1244352900 1161133861
1130775900 1642333010
1130775900 1639026931
1692800285 1784010372
2248655893 1680738027
2248655893 2007695831
2248655893 2094647325
1719253132 1642333010
1719253132 1161133861
1719253132 1659018714
1719253132 1226833701
1719253132 1603856731
1659018714 1719253132
1659018714 1654562460
1812823041 2007695831
2510526751 1707085527
2510526751 1161133861
1276843254 1642333010
1276843254 1680738027
1276843254 1639026931
1276843254 1654562460
1475990055 1642333010
1475990055 1707085527
1475990055 1161133861
1475990055 1719253132
1526014171 1639103710
1639103710 1642333010
1664529727 1642333010
1622336177 1642333010
1622336177 1680738027
1622336177 5192295756
1622336177 1161133861
1622336177 3330266210
1846551685 1642333010
1846551685 1161133861
1846551685 1226833701
1639514154 1642333010
1639514154 1707085527
1639514154 1161133861
1639514154 1642411414
1639026931 1642333010
1639026931 1642411414
1652558402 1642333010
1652558402 2589255764
1642411414 1559028325
1642411414 1639514154
1642411414 1639026931
3201070642 1161133861
1766200591 1161133861
1226833701 1161133861
1226833701 1719253132
3330266210 1654562460
1654562460 1642333010
1654562460 3330266210
5659598386 2094647325
2589255764 1707085527
2589255764 1652794147
2589255764 1947212081
1784010372 1680738027
1784010372 1654562460
1821725791 1161133861
1603856731 1719253132
1295620034 1680738027
1741963714 1897012817
2259878952 2007695831
1876536071 2007695831
1876536071 1947212081
3175502977 1161133861
3175502977 2394651420
3175502977 2007695831
3175502977 1947212081
3175502977 2034222112
1572926191 1642333010
1572926191 1680738027
1572926191 1161133861
1572926191 1659018714
1572926191 1654562460
1947212081 1680738027
1947212081 1161133861
1947212081 2007695831
1357237294 1680738027
1357237294 1161133861
1357237294 1719253132
1357237294 1226833701
1357237294 1784010372
1912849155 1642333010
1912849155 1680738027
1912849155 1719253132
1912849155 2007695831
1912849155 1226833701
1912849155 5572173821
1912849155 2034222112
1846835923 1680738027
1846835923 1161133861
1846835923 2589255764
2094647325 1642333010
2094647325 1680738027
2094647325 1161133861
2094647325 2007695831
2094647325 5659598386
2094647325 1784010372
1758919001 1680738027
1758919001 1659018714
1758919001 2007695831
1075498413 2007695831
1075498413 2094647325
1930045042 2007695831
1300718617 2007695831
1300718617 2094647325
2757230581 1719253132
2757230581 1659018714
2757230581 1226833701