1642333010
1707085527
1897012817
1680738027
1971296673
1647631444
1676693175
5192295756
2923323157
1161133861
2394651420
1244352900
1130775900
2900801500
1869755961
1692800285
2248655893
1559028325
1719253132
1659018714
1909216141
3043179183
1812823041
1717827473
1694760630
1657343344
1711719001
1347178692
2510526751
1276843254
1939898004
1475990055
1253162383
1526014171
1639103710
1673951223
1664529727
1622336177
1393826094
1871705573
1846551685
1639514154
1639026931
1652558402
1530519042
1636996085
1642411414
5574240928
1601594455
3201070642
2007695831
1766200591
1226833701
3330266210
1952495627
1654562460
5659598386
1678009855
2589255764
2732347611
1905274713
1784010372
1821725791
2013393902
2762482007
1603856731
1652794147
1295620034
1741963714
2607887710
2259878952
3665285253
2099700005
5730188835
1876536071
3800643442
3175502977
1572926191
1947212081
1357237294
1912849155
2037707177
1846835923
1650740281
5572173821
2094647325
2034222112
1758919001
1075498413
1738462282
2978919931
1930045042
1726710563
2178856214
1422252584
1300718617
2757230581
1720820864
1701892415
1824811120
1590100227
1583604304
1747267692
1684513601
2036344261
1783544914
1681905960
2403537820
1307095942
1685834351
5678166208
1770143132
1935852692
2106313307
1649005847
1655303445
1868121470
1053469377
1776301731
1850983514
2378427924
1182590854
5774388535
2980059050
1566490123
1957241650
1418584212
2163441092
1750644752
1893571010
1405036135
2475769310
2674084451
1650730802
1548839244
2287284703
1763228531
1672559752
1651955512
2373090945
1765664723
1644261922
1678579185
1887918663
1644213957
1156479447
1423088017
1683169612
1165079767
1694538355
1400028555
1654810804
1276292474
1737515681
1429501251
2675161811
1577693491
1717794387
2034027765
1516737473
1447183143
1774220635
1960954893
1716846183
1652303232
1043374270
1758845150
1842661267
1722919757
3108247224
1587482143
1659776332
1879447274
1696300420
1846634573
1780126832
1231490774
1878158070
1757633965
1689628404
1322299571
2045260915
2033013425
1645394964
1570852712
1659517924
1980768563
1680047472
1026058784
1941219445
1660724901
1399637957
1745585803
1194009563
1964483067
2694653424
1691088821
2708416197
1763405320
1114208272
5710680867
1819521627
1843220942
1621146810
1879307683
1232876017
2873228784
2703855884
1807388750
1833620943
2685471773
2833243225
1836332787
1759521493
2002036217
1115447823
3283775305
1727640060
1689026563
3686691182
1954664645
2622037515
1697162045
2305476867
1739154745
1726825960
1500701760
1227360595
3194949277
1414603834
2508347644
1951213412
2098450343
1831477062
1623775292
1639826731
1243520442
1509702040
1653123814
1933332463
1639069517
1867429597
2961044703
2745829955
1645751734
1916452751
1626171381
1033415372
2029089963
1305152377
1223358727
3302220065
2367102170
1281360702
1413166104
1738218087
2844283121
1661579580
1429920344
1411329067
1950984255
2199324354
1040325014
1732291371
1824329767
1686391763
3503285451
1398173667
1832392445
5062218318
1773349337
2021506583
2120442833
1807381710
2277178405
1911980074
1901513020
2130758645
1729201811
2298009892
1789463461
1644137882
1886058504
2302121261
1954681191
1157819485
1965449631
1910891611
1778834387
1677298871
2416784322
1987554771
1914178062
1401743142
2164464922
1646425827
1724692415
1440359863
1687298683
1669545463
1702755335
1696920752
1062007465
1155921253
1404117885
2131597320
1565255105
1263218687
2882927312
1704801187
1679951141
1653665210
1644851962
1654499557
3882549492
1145947935
1808236384
1630251625
5447371574
1731997114
2399060550
1639410597
1602169250
1605854411
1790002930
2184051304
1848786463
2095526527
3160653870
1734773263
2158749824
1665965171
1802240770
1889634532
1673417247
1352810932
2424415825
1783765163
1772701060
1862328767
5592485756
1673460553
2745844775
1250657602
1609127997
1656719780
2753836105
1240278425
1677991367
1308914147
1320478060
1643201040
1920620050
2605732395
1306343701
1751766177
1799635793
1901363225
1623349613
1306617483
1914281045
1093730460
1654093383
1651531212
1288042931
1736247052
1598513133
1762297430
1165549994
1717257531
1715899694
1742311460
1871363811
1406407090
1812786677
1640014174
1315590212
1650160303
1649654421
1645143405
3192264252
1650576323
1739539131
1463972457
1609370933
2661993783
1770146613
1724792647
1686482124
1640375517
1819955133
1658346813
1237946757
5214049263
1967073671
1687731200
1738721890
1400494552
1424550494
1413183374
1642341211
1422051844
2854301210
2475962131
1401404695
1071696872
1908673603
1656417122
1948441771
2704721971
2097383995
1645008255
1319791414
1160100324
1900588301
1156697320
1809429667
2590730652
1531614341
1954156617
1140467985
1064715132
2337791360
3858646565
5388586908
1411371662
1095691932
1775644557
2685743412
1691737767
2378448413
5125276896
1066080327
1761736090
2295272730
1823548845
1299825113
2481194681
2394623722
1881438553
1140498635
1879788852
1628087954
2135633447
2280495615
2391516054
2028442695
1724897733
2399794472
1590267692
1715936322
1813135901
1929867161
2689504731
2625463875
2120446044
2490776031
3199829115
1696460077
2507031027
1779695750
1756465937
1646155084
1237289777
2608692150
5024708752
1883589783
1236267631
2331204395
1872176965
2913858577
1946520980
1725198190
2643622752
2238540322
1736896511
2027583867
1959527805
1722237027
1746589592
1688439455
2337397324
1067852674
1149430384
1925005385
2171392253
1285516902
1908993045
2476127990
1671346367
1647237850
1659631467
1464196861
1705347753
1813537441
1654420375
1670155657
1773026061
1089030051
1649503742
1665614635
1659788320
35040
1644306803
2442936004
2091274141
1736195232
1910173681
1588153507
3606765654
1929014123
1584840655
2420353272
1303862832
2433956597
5208760592
1932028390
1601296221
1358136137
2651340082
1702920212
1925723352
1903394590
2528986693
3147200844
1751521612
2191695345
3179184134
2730013111
2192139661
1600492584
2131626261
2007459161
1801648442
1890524727
1456437420
2262096991
1619676915
1884038583
1737477030
1830542431
1764025273
2038365505
1796087303
1181981555
1886209540
1559731725
2126742683
2616250382
1658418070
1642926147
2171959167
1295066874
1835814325
1701648087
1690349431
2891034647
3167109715
3173482193
5227081189
1949691515
1433242174
3326642524
2373046082
2592873247
1746152515
1765502290
3323260982
1719316421
2209063500
1592496993
3009551200
1925073801
2654054973
2595232081
3099526055
1889039511
1215040657
2614203110
1771450553
1644025663
2380865120
1449633873
2893964437
5108331397
1698887907
3209765622
2375101710
1642785354
1343578893
1916431741
1408328395
2750953725
1863650744
1828606564
1763916007
3127023145
1644516513
3075157884
1863943300
1715253033
2378073030
1874397701
1916257330
1678929994
3511239122
2087792310
1278396575
3013098347
1950375541
1707033242
3642333394
1760435795
1713064142
1835515703
1235886217
1344668552
1728106122
5512975483
2879702901
1801913290
2692280831
2188364500
2389029613
1238713322
1644192520
1808735064
1990353577
2425410542
1914414075
1881466773
2210893032
1678644860
3774595191
1736943377
2241623772
1692258970
1791590965
1847201481
5938713675
1241932195
1959128192
2649889742
2171566434
1821193561
1087634355
1711416543
1835664361
2047360627
1407876727
1686331873
2180811225
1396369497
2607299034
2647469651
3050203537
2319295690
1608639720
1648174331
1839846067
1651073051
1573046985
1735620272
2106514463
1807732335
1361062791
1867804570
1354149307
1653607123
1668030190
1699416343
1572177475
1848855442
2651014431
2687411411
1926029817
1391046982
2486436693
1169373840
1821225927
1903724023
2194629087
1977615805
1934089103
1684542931
1224881581
1658738264
1842715102
2011403541
3973993429
1802518484
1878550977
1393893162
2639152651
3959226372
1880548905
1840254594
2500237941
2685677653
2005124264
2741778345
2704300697
1760622965
1954460233
5249499838
1196045420
2231707282
1752912942
2301991431
1080892034
5111343647
3937587097
1867713342
1679421575
3151360093
2141692131
2593930647
1197780522
2634393715
3704930327
2196585004
1711285930
1319439795
1655311905
1648361474
1714318434
1198553494
2363459032
1894695615
1662717155
1496307870
2792693917
1903831447
2562045540
1095535700
2785864932
5461533142
3076905107
1224054092
1743165335
2011026083
1700892593
1860854852
2889058735
1842707144
1781935661
1786780237
2461295465
1949403713
3280313361
3933885243
2584627782
3196559491
1190265602
2021945625
1048914070
1978331361
1550829750
5229554488
1852029611
1865294605
1228411590
1401587114
2968711512
1610509111
1788158491
1803584005
1866916630
5075093884
2456847680
1933419524
1849085123
1748848944
1130045434
1911025417
2433530640
1573947652
1152676660
2464044162
1227272272
1211083322
2058039193
1661996464
1988522997
1663516195
1659427417
1856683832
5913839868
2710226263
1911777505
5021467704
1955032717
1889066942
1680005041
2268599113
2186173567
1931072450
1772739025
5388400869
1837364027
1691360500
5304074507
1765188491
1772490491
1949298561
2696959101
2806294670
5611803775
5026451340
2142621907
1428376722
1834075530
1694706931
5287516920
3265758092
1840279104
2521035823
1908747945
1868311320
1869063530
1894443883
1219018615
1195857287
5017241335
1437352982
1866405157
1649566133
1038986225
1140348030
1351335395
1765689145
1827297117
1647818484
1675956051
1650714993
2881967353
1780103987
1239047894
2410308204
2182534533
1075242515
1654491007
1995555487
1898811457
1624540040
2758713511
3069521261
1691702622
1890134645
2295719890
1376285747
2218998281
1861771002
3287175824
2275700571
2396491052
1688097955
1774248980
1963363597
1884195223
1917889440
1432068304
1790274887
2472608300
3106515985
1636580217
2352050793
3995600830
3270943627
1789485385
2321360195
1761265544
2714802613
3213769004
1656621837
2168026810
3046594450
1681784722
3121179007
5390265415
5079346003
1649454043
1992602325
1243647955
1909765884
1041510645
1569551082
1676592781
1638963711
1401256334
3685576324
1834812694
1738516825
1744924011
1195741122
1760402624
1654970593
3210903713
1644932154
2908314813
1881924452
2244173034
1869571445
1052254127
1686885043
1618741413
1640115172
1817729135
1897061057
1743616387
1581755724
1803557481
1154988961
1697297694
1117634392
2092306420
1479461035
1020577357
2172894745
1563892813
2049784534
1922009700
1745540434
2216558025
1769469695
2173218521
1136172027
2459461560
1686198590
1496870700
2941710755
1985561583
2645710194
1820824225
1167313713
1420393067
1877594625
1392645247
2659624932
2090197461
1640469575
1547416855
1785305505
1692872171
1745750694
1881401001
1645158014
1861763520
2884048430
1757694547
1644874755
1650498230
1739689447
1144777190
1848042707
2277539004
1950157677
1442994101
1924630835
2154568013
2060195165
1842380924
2412072001
2122945621
1742656271
1224956550
1916642914
1756616377
1234692487
1705280477
1677177994
1875075157
1760334592
1587466125
2981448822
1847149117
1661885932
1833241573
1496904610
1644284007
1701703854
1664207755
2933800605
1848382591
2042980525
1087818101
1820518565
2396690040
2930108921
1720622497
1862569307
1655701640
1892601703
1470401362
1660410645
1782014647
2704638205
1433832623
1844233597
1666946613
1402844532
1976467953
1523389675
1639025962
1697458234
3893276088
2455285565
1757319285
2697509133
2787319494
2603094503
1589825462
1296380977
1729903807
1792350552
1531335632
2623772343
43623234
2039445353
2805498912
2816529867
2051246977
2090548773
1807852771
1441457282
3176460771
2542877941
1764732124
1653629165
1639066495
1882688130
1828490970
1846794500
5400528575
2974791225
2560665740
2647477554
3218480932
2027192702
1949276973
1370057362
1242465241
1763467143
1733839407
1649735952
1643414531
1752350535
1114211515
1301035832
1339177684
1622637741
1733748503
1647293772
1747126982
1706779320
3087971351
1735850285
1678572657
1943162430
1242720442
1736917575
1671357890
1400482765
1941310503
1911447995
2114525040
1875733165
1891649193
1696342570
1884533040
2210923553
1786022934
1708890917
1336962587
1704129615
1870678803
1807623870
1653069814
1771602900
1401699537
1273379797
1697701994
2630289831
1760502953
1620176174
1682104162
1687812337
1764045173
1649678653
2142871577
1561122347
1691389454
2935299257
1651546850
1256223523
2685849914
1419226952
1486792795
1690037035
2121525191
1867725022
1431314013
1457077411
3101722744
1653789515
1658567850
2610289595
1672318787
1619399801
1741292092
1835423751
1167644980
2557664252
2119783743
1693365652
1838184101
1672796691
1503123907
1709580024
1434849640
1838711687
5224598766
1874908881
1701522463
1931154930
1197835814
1367941313
3892092221
1978611563
1237773452
2765718627
1611049665
2027148727
2184864455
1889283617
2194071624
1017677027
1722399662
1794007551
2094684675
1662940381
1650350224
1677279081
1093570025
1640073410
1419124817
1167414417
1711519402
1642295360
1651013603
1750377694
1578308190
1690739554
1277984213
1644432720
1650515095
1847114915
1226775063
1780332957
2275858775
1927017205
1791540084
1889266083
1225971890
1290593351
1881941252
1657137290
1452533995
1642192017
1281593140
2613527843
1509750157
2904780625
1747608667
1401189387
1618794147
1097779387
1418219763
1863061380
1218534181
1639173967
1641552044
1751104843
1756628893
1097794747
1765137580
1911967701
1069604003
1738157333
1649275922
1769922387
1685774513
1791180281
1836653743
1735802991
1142600352
2207017084
1617107172
1496846132
2692158647
1715800851
2572307960
1799735312
2607102185
1247482645
1309504557
1959988637
1560659460
1416612780
1869417367
1849616271
1697549381
1778323134
1988122387
1035145765
1679875247
3582863145
3194766411
1974495143
1776105880
1655786782
1337227573
1768962955
1236283983
2901779423
2648389753
1801907311
1687484297
5243519582
3657692403
2358419882
2005712367
1618483673
1438596684
1893904365
1566214215
1043798254
2357800305
1247920630
1835555361
1723802652
1787900785
1916287262
1677639822
1719227423
1842022275
1679271303
1799838523
1628738540
1751371212
1867965700
1689618670
2258016004
2323879412
2933106017
1509292755
1827615417
1561695843
2256783571
2559395692
1646666964
1087249823
2614191915
2618102603
1403477217
1564608343
1706210490
1228314752
1649554305
1241501791
1668369527
2850118391
1617975490
1642316384
5369626900
1151280692
1495406681
1750435485
2052253394
1644308051
1752753465
1661542845
1401416483
1694843085
2038240874
1147844041
1731995693
1048232532
1645771214
1669452377
1709785821
1709591351
1810064472
3907793310
1651167435
1490896342
1661307294
2809718372
2851461880
1702027371
3471790992
1850468755
1809422632
1735481723
1272679841
1640544242
1422148701
2521701090
1770818025
1313691612
1693134691
1992510504
1248320544
2187266132
1144737094
1489950974
1837553744
1133917304
2169359560
1751671690
1802147203
1623665940
1655748643
1237664875
1346036764
1785452413
1267803327
1363452600
1627944363
1819651611
1500210523
5455513644
1639673390
1662329575
1264632852
2141126115
1815311020
1968207727
2563957611
2093238877
2385623503
1649862523
1751380964
1992044911
2306429161
1134086355
1652700423
1812992704
1681884097
1776789793
1231603933
1704528575
1708734775
2194569383
2002141867
1821128331
1935155047
1895194865
1786707211
2730599754
1691380011
1658480750
1779624225
1984909621
1262535834
1984028167
1642512372
1225929827
1164248741
1743973492
2156490170
1729846183
1728761527
1761200544
1670743124
1692245572
1634905165
2634867661
1920518807
1931898673
1396660707
1211694664
1938058267
1582664780
3677986152
1921451280
1901641845
1746617002
1280437450
1805347340
1642467340
1182059721
2460948153
1656412260
3236271082
5332912197
2304898671
2049350562
2684377191
2398286384
1307186445
1758185621
1784246937
1655223594
2033007471
1610631124
1644790012
5049523522
1788581645
2528760152
1605231624
1690693414
1931466491
1876290453
1881507861
1710156215
1651894890
3029228687
1871311773
1892521835
3193381320
1771494607
1085945040
1852754332
1645367380
1674666687
1304105733
1503087807
1842851862
1401337753
1748952981
5133670137
2448070347
1164947135
1768809481
1571595367
1279863032
1872134364
1787813661
2197026860
1165605291
1676216133
2021917003
2948294137
2013665537
1664194775
1287381483
2149586241
1258015342
1870478481
1291512452
1236443020
1438678567
1607596721
2299468447
1716167425
1771459383
2234233664
1697125254
1463463004
1822255017
2323596302
3693872225
1442695591
1494926084
1210274834
1730405580
1417827361
3679901620
1625142690
2305342022
1886483300
1778292931
1296632754
1822054497
2008358045
1831991093
1779626783
1400289977
1752955463
1080515604
5574425134
1824574514
1659464465
2381479703
2760903747
1836754600
1403243654
1639065270
1686793053
1872542880
1211541672
1690385393
1617968962
1507986715
2622925017
1684417613
1051986510
1828242754
1579275990
1885704941
1692558512
1292748485
1402032214
2172459792
1640341465
5350323604
1401996032
1650731404
1683519102
2822117287
1975163291
1588797491
1703650614
2490052275
1516515395
1891766551
1701363897
1763387791
1647728255
2353128630
1620952380
1651260252
1911989084
2436458600
1159009273
1650877087
3156766167
1882236742
1241499117
1157569941
1406175475
1571162294
1794201055
1852039080
1720798632
2040367207
1941266253
1651334223
2344140010
1650122982
1709853750
1799886263
1393913512
1710719240
1728877173
1661606764
3263528662
3549946304
1693488065
1949380493
1778727830
1892033887
2521166977
2420386320
1705605437
1897109714
1644737980
2641449747
1613974131
1017659860
1729410253
3389452462
2593361232
1268979080
2061656717
1781135020
1640056637
1915979291
1678638941
1660641237
1626903180
1418926034
1654681255
1764263725
1678790940
1601966363
1808519912
1722211792
2175714131
1890665444
1607591832
2340366205
1774518891
1764203741
1130923684
1477059194
2463043185
1856281912
1630620851
2201887985
5532503347
2384073167
1689510681
1267857877
3047834894
1805422330
1679420613
2182431237
1821398302
1776141567
1764003462
1790133484
1872031631
1136762811
1038592630
1137854665
5426723426
1804644183
1890984183
1711431782
1626784740
1423163050
3136890354
1649203973
1429252985
1642533920
1303562205
1871274164
2667526117
1908611954
1644064517
1243163962
1577038392
1660538537
1910470401
1631760483
1667401345
2238540611
1734051514
1779131087
1692853925
1050104294
1832801633
1280782300
2377041683
2212041614
3153148270
1826358844
2702398222
1702776361
1800676105
2322076740
1999137142
1871100517
1748143961
2715962042
1751262071
2209883223
1817207093
1068116373
1068234507
2833505060
1401723087
1693997337
1852024161
1911706710
3148516254
1931210371
5363769795
1692878702
2580144300
2668577691
1556937483
5400747035
1851196837
1346247105
2605291921
2635348452
2115522350
1689162105
2255256593
1615582083
1892670581
1786954125
1879731454
1412449742
5094731364
1650312543
5628347884
1070062624
2103081031
1735882437
1637339985
1641970011
1653602382
1644183045
1374566791
2033998277
1985885567
1035210464
1536154385
1696278043
1559808804
2343885144
2183856594
1990580060
1612104424
1458845467
1301122565
1687936164
1173569891
1572391125
2702746651
1067441824
1165147192
1417302023
1732433842
5681458503
1708559120
1652208023
2418787021
5322228436
2013364514
1880780187
1832240775
1837194245
1842192085
1651246444
2301146467
2004965915
1644965503
1732774715
5016478589
1911857607
1621895161
3500365041
1879660782
2437544520
2874205584
5220438338
2134825951
1668607593
2126534310
2829167042
1688169554
2396829692
1652606231
1414843140
1793588223
1642291387
1608225483
1674416887
1549088985
2633470651
1099664701
1680947914
3230649294
1871663154
1399782401
1666243884
1320435635
1684637567
1791166505
1411397177
1664873921
1958841613
1604656407
1643940793
1883576865
1232213433
1710673312
1916229963
3514151871
1823421955
2606642073
1732442322
1450480663
2197699407
2497392042
5743769547
1648126003
1944585297
1851142601
1890465503
1942921641
2791536905
1911207061
1646308400
1402752932
1824789465
2016508455
1678729981
1742544662
1443372883
2101560730
1778701317
2693050973
2855032727
1819411027
1767396067
2357974621
1835631012
1506910467
2010791301
1663016057
3079632731
2004645437
5330833812
1590824281
2133539983
5079433665
1924984883
1502546554
2824878225
1642342590
1497089007
1154714751
3315297802
1716425213
5225061511
3085182311
1675919545
1709148684
1703948835
1664226731
1821531163
2827845627
2710918875
1590850663
5192968677
2487144811
1780956560
1822593675
3888997447
1678483672
1733780735
2663417853
1889113453
3240021672
1312601385
1934608022
1682877440
1751974474
1909430011
1650091865
1841642842
1419820760
1417406547
1437116781
1571122400
1641112954
1669889052
1747667873
2202027715
1199417912
1634302194
1087168034
1794603030
1648598667
1642174232
1027057001
1242059990
1885304413
1131305352
1746653725
87790659
1710776510
1867085443
1655675512
1407005811
1769826433
2985181251
1742009432
2213252650
1836301135
1748887953
1644677961
1772147600
1662728601
1792230854
2574305904
2390450772
1774348511
1293196830
1275564344
2959035387
1711338074
2033663701
1442061475
2114116505
1804706587
1293511461
2773018562
2751336681
1750858513
1957493725
1671008904
1641967980
2975258891
3873713640
2708989522
1850476365
1760691585
1827615670
1768726842
5038911855
1596827081
1301051484
3299925493
2001185285
2169580731
1271012510
1808246350
2404994744
1969107513
1914884492
1599846155
1661587762
2152947220
3777217975
2143656243
1582398843
3881162394
2045191837
2747705123
5099648563
5623620206
3478887261
1586039725
1870326764
2286683255
1502848993
1649539512
1649270982
2596470525
3946317296
2295090644
1573469007
2527203822
2420789595
1836400264
1923239540
5093863855
1837934695
1734808140
1633213080
2506476804
2951818404
2332249713
1774067964
2561010682
1139098237
2243199581
2019251313
1510063283
2308678085
3241074770
1397535265
2161362100
2469628573
1804441501
2405149533
1746435720
3157925462
1740841222
1574729471
3191934240
1727116195
1820500373
1797173487
3107650582
2796480190
2091013833
2088566271
3251592002
1701893731
1655427327
3351260634
1892637552
1824940641
5305035475
1824794980
3727721302
1920828300
2092503410
2278218713
1739477177
2487321455
2216954835
1311480121
1233686034
1677344063
1011175975
2047451195
2129116071
2199083317
1285331874
1677589055
1784694144
1553869701
2524533983
1761699743
1664572802
1974905105
2422541695
1678458014
1355522352
1602402863
1758696373
1959192555
1082724551
2975119133
1088419734
1664686387
2436635735
1821506231
1923436754
1668857681
1678916661
1365554583
5263999029
3610614353
1642041671
3705052643
1670989802
2797612464
1303505340
1909501693
1798952021
1806394940
1136965194
1704362007
1493521567
2094167844
1810783020
1503496381
1572909241
1896436447
1678390274
1835955110
1625484283
1965121062
1151975493
3847652721
1743556584
1692495580
1648691430
2056733663
1184752725
2061151277
1872687201
1863544500
1798626905
1652814041
5033195445
1696095945
2605955943
3850008784
1056517513
1720126774
1909782443
1794121897
1743623474
1758836983
1665671441
5083260823
1977696831
2353964751
2973246067
1718488380
3020372795
2213104494
1372845007
1749953152
1651160044
2738439474
2095206280
1675959121
2316396060
1811613811
1814357705
2407991957
2133210877
1657662921
2846949092
2961966281
1802200221
1818727710
1152451583
1774970794
1841648481
1880792181
1804557724
2854387552
3125158533
2750448860
2007047787
2091896172
1267105134
2036384657
2921849211
1630685814
1857417900
1763271263
3219449607
3014227391
2713561401
5504671697
1237663873
2691041061
1218589134
1245118065
2115720534
1656750814
1793397913
2939582301
1809148395
1545600634
1815077410
5619338477
1885497624
1737927414
1861732471
1887507521
1709627467
3694991953
2049094317
1866518221
2884736692
1802783724
1692047315
1579787141
2204875341
1826376552
1687908037
1794492320
1293214354
1259882355
1429135923
2400955863
1304302503
44206795
1240254293
2198614523
2254923532
1809749792
2051902337
1607455615
1664833470
2660724180
3631010504
2746932833
1631976041
2008134511
1408227092
1772670872
1710787663
2990024437
1718734003
1600959214
1528144691
1458538310
1574816232
1463218601
1737423882
1926624880
1399199913
1766291241
5252045156
2167816104
1789764024
2677405033
2588544527
1603340150
1272433472
1820693475
2192178852
2607138195
1806927750
1830335617
1686166697
1557234767
2120975895
1628619380
2013089905
1889386093
1617177481
1215536927
2707507241
2526362765
1943365443
1815919300
1686672971
1276722914
1713974311
1610270421
1824429584
1975354114
1862330072
1274041217
2166961001
3003811010
1699695761
2599343022
1665004440
1882870164
1775000857
1813202244
1765528650
1878937355
1369780592
2800453363
1352901157
1760013855
1547726811
1821493215
1759767273
1903790703
2278677801
2358383993
3919487890
1511349817
2266936810
2206735460
1710056972
1793042761
2360877634
1626800024
1983098280
1199685742
2945492613
2759644651
1497433572
3250072954
1661317621
1728899515
1393454583
1956096107
1677204120
1307710294
1425542093
1804760823
1797456153
1072567463
1778490090
1654587063
2420067525
1775096231
2102539554
2605960645
1361269197
2913119403
1611180360
1740196772
2285860971
1948227205
75890752
1673976261
1366437092
1661495233
2270594961
2167404783
1899388432
2353084074
2312068072
2563364801
1438769977
2954698860
1723940722
1268412515
1660193833
1509695977
1698149797
2674085582
3716684703
2169085374
3108929411
1645960650
1631938717
1561817930
1650868237
2299450390
2336381037
2686991311
1690539227
1220680713
1698201264
1673747534
1675469302
1662037185
1933275631
3045533851
1784223704
2589038520
1672497312
1401129932
1759795651
1389060734
1608162450
1932452212
1763424123
1712514243
1635578401
1882805822
2187494311
1638761011
1647434360
1702284755
3941884355
1876851727
2119414687
1070266363
3982535822
1758582223
1712368383
1246526233
1526840962
1994687827
1197161814
2049091712
1772771925
1644785572
2028052877
1874022060
1693386917
2627598002
2308839821
1949206777
2136535207
1233212781
1403921473
2090562577
1649545085
2410230163
2184363120
1839906801
2235181604
1163839605
2178617013
1241631303
1730739070
1696188945
2027404713
2269046700
1881506487
1875274817
1214967682
2852798270
2064766311
3977133092
1767074824
1537013524
1823044013
2113623482
1785840327
1679059434
2928219583
1750953983
3211946000
1732542853
1571700457
1728869675
1890051664
1252215503
1647699991
1695602171
1439087645
1970488207
2060392257
1721798547
2056208101
3229823403
1193229142
1804945387
1978961995
1964705371
1308752781
1364461131
2036517511
2056594191
3185337454
1870515233
1926484744
1738949830
1707870761
1842846877
1872986144
2472246122
1711774764
1991414423
1642333755
2133045040
1766830652
1570529421
1927476355
1404306373
3213620470
1676846042
1867176251
1092138912
1265810691
1989585867
1180587003
1651201203
2103056841
1431369041
1784168515
1346461247
2875429580
1435427531
1677000574
1840427491
1678013823
1799333910
2196328710
1708568125
1691343470
2687063794
3291990545
2251057273
1839349790
1594312117
1882225330
2261014117
1695632742
1644207433
1343220525
2175684505
1303370275
2804184513
1259102700
1959014215
1827303471
1928075484
1246586324
2476251941
2733853254
1401375075
1248750313
1866407461
2829080824
1962977685
1402908472
1433608523
1655574493
2284409590
2206470834
1066185661
1609447377
1801581394
1748265887
1908249650
2160081845
2470796450
1640545585
1822170893
1942838665
1948152182
1870693253
5172054991
2546748522
1730212994
2567589684
1775194472
1374126457
3479647581
1626747737
2692091043
3072396497
1213854592
2050959690
1608001095
2701862382
2248519834
1642485252
2384761777
1190105365
1660787491
1668493177
1990502274
2856482160
2585453772
1650090283
1949482573
1277157813
1702625032
2012471010
2332730737
1454240461
3080358847
1924315570
5159792978
1301891222
1311543521
5445231396
1887778474
1238414324
2891779214
1661456380
3741048681
2194456152
5477395225
1516533610
1853706595
1919997285
1103997904
2062380995
1743152491
5098021394
1795310341
1652674284
1963260525
2965342545
2007246087
1887867925
3892158085
2644654541
1304479377
2380910674
1657002674
1648481635
1015027984
2532020033
2748507415
1435287377
2012704572
1837484751
3942992870
1079345282
1862056844
3973361023
1822448517
1265979805
2702420771
1712311010
1649193857
1788876875
1821714975
1278292595
3225700975
2884414794
2839110220
3213589557
1615994283
2969606197
1975755722
2270011853
1644776253
3561580380
1136961553
2308075283
1785584942
1156569211
1607128132
3538415547
1815400361
1232402952
1444865141
1566219577
1410041263
2191479560
1641345090
1680146620
1665772344
2039980351
1942985827
1806585267
1061630725
2781741241
2205921054
3137345600
2058482692
1835503263
1876989637
1600638174
1403645572
1736115123
1586900697
1941127003
1789584764
1661457004
2235382774
1868602362
1229103147
1516718782
1185221711
1940679981
1800311817
1718623312
2710331794
1682961914
1961660353
1751229987
1647755297
1916611743
2380473190
2184304452
1791635004
3250632650
3762673351
1770755420
5213772201
1681467021
1654580415
2857838242
1213489235
1878650287
3144619770
5749813967
2858130740
1775407450
1680368015
1879384602
2145102327
3199194073
1986288542
1909230717
1655497027
1905467277
1726667402
1449759844
1709472675
2388602863
1620128577
1843204963
1866626265
1644870363
1660682377
1857402454
1795426523
1835228467
1777629753
1794930063
1627515812
2268979231
2193241732
3469975124
2077554487
1653641277
1662722391
1701531753
1062854943
1601215972
1793834003
1235773231
1703466177
1829433861
1837876152
1947433521
1697716777
1618258233
1817181651
1681108424
5497120309
1791262011
1695409781
2035997135
1461944124
1751554790
1913569391
2033049263
1636284917
1651995720
1989199591
1534494484
3173624134
1928501992
1013417182
1893969254
1455531091
1764440211
3250931363
2004495051
1566608962
2457606002
3556861575
1879167964
1850031681
3456914850
2690278821
1405080515
2088592207
1640234590
2678075885
1402884510
1785580874
3561845134
1834624714
1677846261
2729449013
1694517482
1936011500
1820365100
1053954114
1165357641
5146690268
1643883007
1603246621
1677168224
2242498257
1227856810
1849474427
1563293681
2978483554
2476356852
1932323973
1766332641
1693937362
1686034097
1094488294
1989160591
2569480150
1642630330
1067800664
2675372380
2092130775
2289180521
1776648913
1433953040
1783401047
2560442340
1678485247
1235923565
2293068232
1662380204
2325042573
1143549367
2878490370
5787573612
1700886514
1936885741
3091024821
3918796155
1212924182
3091341247
3162907931
1607956781
1790572897
1639361233
2822783435
2091367653
1080073690
1849036091
1939517075
1559754817
2067989907
1873814601
2036423867
1227372615
1833621367
2428072937
1925175617
1653153375
2441779644
1509208483
1569710711
2604438202
2567294617
1069397005
1427090042
3915021517
2275669293
2691973003
3289749593
1393833990
1536275544
1170535403
1739705820
2150167494
1594500911
1739699507
3973937521
2081499971
1311990492
1644511064
1652119212
1195062401
2739650197
3109642975
1299421935
1312803254
3090536633
2070031245
1690933691
1644337931
1822564013
1740761691
1721429050
5544772177
1656054945
3010308702
1654014340
1259599200
1049198655
1220557972
3817406161
3175708997
3483403990
2119184830
1768784792
1650773485
2430302332
2627415251
3218196730
1284740671
1823796270
2133718273
5204694543
1747868473
1839194842
1793284200
1770959557
1947708281
1272403650
1923855693
1890781495
1789618365
2934812421
3695125955
1762560694
1788564813
2131459161
1682562001
1681455344
1667560235
5180286927
1842773162
2725723317
2390588471
1590334982
1596775833
3345485452
3905153269
5072502720
1649115883
1439516073
1892585125
1797279092
1027498385
1444605840
1821769895
1641543777
1743629872
1791851631
2183751192
1688123767
1403846450
1359916784
1691649977
3154414305
1945623397
5012739219
1768257211
1770462012
1838943402
1668992414
2052324183
1678984491
1696890401
1858756374
1995954195
2948132554
2138759387
2143152854
1435744807
1963334901
1642221824
1565790394
1599230727
5606513442
1689609484
1377431384
1692641120
1765467241
1824760062
1470638557
2039246344
2085259552
3536658180
1763066402
1649426362
1981123462
1051359322
1644917252
2740260844
1854940451
1797017055
1737478997
1407512722
2160074290
3614811411
1148797322
1907784761
1405013573
1268167915
1639066467
1734013514
1680555227
1720459061
1253310810
1978613367
5370062325
1210210511
1311827841
2043335740
1468576817
1683538515
1089108400
1898064401
1065374773
1765901445
3043014124
5586347617
1644788474
1640501811
2175525504
1174994290
1687652791
1816394955
1749190593
1726767017
1191055385
1751518033
2722723393
1644178911
2873180944
1741721832
2003744545
1693548161
2973484454
1099275773
1558247760
1644050353
2821866773
1542330320
1651182020
1791318924
1967066621
1756613887
1437433225
2212426475
2268578715
1904246375
1757881825
1486376227
2159164623
1226171053
1856919654
1309712552
2010723437
1655462283
1337295770
2803602210
1767852090
1613918913
1836028994
2243347024
1666572230
1218425202
1659553464
1073599852
1684180842
5195122434
1510425807
2186032170
1736297941
1237693172
1062274301
2274490553
2167551545
1646120672
1665335994
2032424511
1245333197
1628320724
1443400930
2212291760
2995700120
2897684661
3953140898
2459490262
1723974834
2001845054
1169323362
1398267512
3196211712
1660691314
1769882734
2592862991
2137428193
1107488661
1695908210
1765818125
2807915137
3135021802
1660642323
1934908417
2201264813
1801525322
1933044993
1633443432
2094758450
1987156915
1931929690
2873007945
1701647244
1759374745
2209094127
1891066020
5210344881
1800933177
2407986520
1766854377
2712851963
1426871151
1734566043
2142916661
1659883651
1965064550
1821491264
1600946444
1934426125
1668227473
1413350163
2696176683
1560051507
2441089002
1798497261
1648237592
2051858041
1743172037
2189060462
1842398315
1944524033
1893155660
1686068822
2013591452
2376876917
2117601460
5026463671
2614934903
1415907701
1644171744
1694329675
2676469062
1987621587
1715457327
1644300094
1219517215
1735031064
1074226802
1695287502
1259996707
1767851265
1748269091
1725367617
1228150492
1699394487
1640038665
2948149224
1643108347
1677812552
1720434841
1979835571
1405654237
1642628452
1679910334
2151548237
1802509742
1528007065
5241697835
1571154964
1062512364
2536312547
1432972553
2394563365
2093781552
1576876865
2395037292
2876922424
1356088024
5399435479
2359682037
1826807477
3798618670
2131308531
1785314195
1794587800
1735152214
2312828593
1147958435
1718714652
1412436077
1586477520
3225413855
2719228965
1771606064
5036460200
3949824142
1980055287
1655748380
1973525701
2048378147
3293983471
2885685282
2681238337
1651694501
3740872094
2741084372
2253823623
2913190671
1766883117
2402370933
1711647555
1664436375
2196864742
1906346385
2185579922
2140665174
1649447101
2506289000
2696164694
1678083122
1493686863
1457283014
1779441481
1134485225
2834714165
1855546983
5300273052
2607202660
1646433851
1705262402
1976942610
1717095875
1167188193
1390357480
3123689294
1812273833
2946410761
3292146037
1947231252
1744840124
2144679445
1686636911
2401414117
1693895750
1445653823
2358667207
1744534144
2182697222
3051355007
1749119184
1868238892
1350326257
1792028751
1971318041
1645580491
1159407515
2880257610
1716923853
2563807002
1666633637
2313774313
2107549983
2198064555
1617428643
3104004745
1059793480
1771821815
2176704917
1805379012
2440457450
5517170642
2618301961
1705364875
1791878133
1950834681
1790068671
1251865173
1728809555
1761733812
2130712450
2019876615
3592031541
2642285013
2219548752
2586219692
1955578697
1718734760
2825253414
1776172837
5034494771
2727068833
2077995761
3957561946
1427162327
2387323325
1798498571
5366566272
2309759497
3867153097
2810323521
3044010181
1747889290
1941265335
1789354315
1576340044
1642024932
2514465162
1859211140
2038153930
2460105094
1610354053
3894834715
2625506081
1079686901
1985688227
1278667585
1865949503
1558931557
1449649783
1847593903
1857602222
2529919774
1598896352
1824886035
1832239212
1625334777
1650747962
3490919564
2712871007
1664730110
1093532532
1603083453
1461708704
1344745884
1821934333
1966004807
5586786038
2240558667
1616914481
2029281983
5274708309
1795947045
3861957901
3486698580
2988284685
1864098973
2614064073
1244639607
2645950360
1653339385
1693302482
2332708032
2497250364
5592064110
3866405150
2342630745
2410704541
2107239664
1733758280
1188253992
2195887301
1724918833
1418158820
1693282663
1850447584
1950914251
2248204671
1158555975
3030889312
1691613291
1654928195
2651608861
1662595310
1877927735
1093661864
3230156710
2934006374
5427861194
1974273482
1791424004
1497326615
1098618600
1448901315
1225341024
38530042
1586531323
1396825914
1306123543
1746000465
1263200755
1928806912
1730064412
2580010307
3756963613
1156882321
2407892690
2946313313
1884183894
1486238974
1841667330
5271635397
2950939457
1773040254
2719583687
1644815364
1752436241
1584926497
2407615304
1650871751
2608547553
1689569707
2973684701
3224990440
1807387244
1777527403
1762911361
1916385781
1222256262
2210232255
2769428313
1711525804
1150286424
1972859843
2247693311
1154212437
1738647194
1824588015
1040787907
2130956865
1514484291
2078066575
1674877072
1790245501
1697903957
1769915781
2321912827
2103823622
1665465047
1735814570
1948310417
2439336393
1956418745
2242886923
2288698615
5286227853
1746516774
1721423795
1758699341
1731628922
3316941227
1776152637
1739412283
1639009155
3184900632
1463742731
2577257262
2130226933
2187010953
3103682937
1765306565
3121435132
1837081633
1391538314
1305633850
2833668813
1667928685
1970984015
1642906862
1802036240
1093528323
1647487340
1888021324
2071434925
3177411992
1813317491
1268707744
1708269153
1734919633
1642950350
1080117393
5537999308
1658255362
2687511213
3761114825
3227195615
1082371977
1705566505
1797183370
1751916550
1751743312
1701914062
5497275956
1400098112
1327147865
1806674803
2654564162
2819632701
1143608467
1662797841
1672438282
1698963181
1646255385
1638806444
1722124364
1351422035
2263360190
1861782712
2968256622
1961264483
1782080607
3290509944
1269960214
2732384830
1881907851
1707119725
2292992742
1736907220
1771176701
2236970131
1363178463
1594323647
1830118247
1644073175
1769846503
1595922200
1949050703
1739632975
1640282503
1725666112
2881963012
1887980244
1295852710
1745974335
1737462820
2238527115
1924344770
3919006359
1674156747
1862960613
5543806434
2348269374
1646193887
1733721397
1906108313
2005840025
1655085204
1671405602
3802300457
1691044365
1746142884
1657965873
1762306680
1783544591
1672252501
1456046921
1663362513
1797176791
1652696624
1642881017
1770402465
2828481852
1713414380
3050393002
1568966324
2023301793
2048301400
1878371131
1733933824
1631009192
1756408985
1217195985
2212030501
2707990785
1308382820
3142685212
3587733143
5542792527
1707811423
1693534972
2114085432
1931471623
1231157962
2258721392
1933586855
1626239182
1782811612
2138613657
2046326635
1770504582
1031394525
1047308541
1703961350
1409030860
1725113620
1688290723
1217518702
1652469984
1839567544
1733868794
2022963904
1214055232
1862281732
1531273002
1867559544
1978274653
3180586977
1482336025
1657738190
1199716240
1400479784
1080372583
1217962323
2203442183
1665388992
1625070192
1404613601
2761685571
1660620364
3037859283
1068098683
5012413843
1918603151
2327684042
1785761595
1846468467
1814324921
1778111433
1264470264
2138357017
1781076654
1919945363
5459965619
1658586203
1889810441
2071988930
1823892021
1886263862
2716466323
1626768371
1887292195
1833125630
1622816685
1249653714
1661280433
1933892604
2066207005
1767982234
1640297597
2122077792
1608907662
1831559325
1261023117
2016636385
2406001437
1119811743
3512214124
1907925353
1801276607
2654434300
3672020295
2610257850
2126166431
1681864792
1682037255
2713208777
1549575793
1652226027
1640155264
1992727263
2518944927
2097542981
2156165892
1656972185
3799365913
1649938837
1824537894
3900131005
1764657900
1752327141
1731432115
1431457910
1654980472
2155260311
1502174162
1786009534
1786710884
2205589334
1805097154
1672103654
1635082342
1302203691
1937077764
1695005484
2004259777
3559103571
2370674761
1467215197
1738196633
3849825369
2308220677
2268735252
1910905315
1719665110
1807596023
1944933371
1657648221
1305295443
1410620444
1274604312
1572913600
1717029837
1647626687
1949084291
1865648863
1644943405
2963138805
1680761653
1678249970
1259141380
1787492052
1709856103
1294556180
1293551867
2890265544
1791879341
1784425533
1701321140
2262804212
1405697941
3167245091
3708177261
1557797092
1682898181
1626579007
2619852602
1288319741
1709599757
1756581643
2643554632
1650024072
1703690022
1729461861
2425691912
1829808754
1878672637
2749039585
1640605545
2291465461
1935327022
1305846114
3490722511
1168314033
1747753927
1779210363
1877839171
1862984933
2653264134
5297622001
1249195333
2108240864
5873848154
2274625617
1773522974
1682435747
5095434417
1922645100
2707336002
2914472285
1161487725
1865182542
2261121494
1724716887
1888901902
1238030537
2427509320
2192410037
1644839707
1401935945
1155548277
1715621051
1608926910
1949596013
1623918305
5326893666
2843604111
1502348153
1650244830
2121092905
2616544357
1232293260
1163981207
1804259531
1733265844
1449299350
1705810450
1772588917
1214255544
1775452153
1462638995
5396922145
1793007662
1770418834
2194700792
5830769557
1739340053
1738009865
1898429495
2167993662
1190301952
1750046561
1669029133
2182928515
1642263582
1978847965
1829991230
1774596761
2598662313
2095156610
2181193571
2862112725
1928649141
1211608541
2653838612
1248213271
5284291641
1734536815
1225809925
1685748590
3215577267
1710300557
2501509404
1433533977
1919410127
2600731174
1705392702
1750834471
1930229337
1651157697
1656521292
1646260950
1730961185
1680552677
2601828391
1924657457
2458989552
1977141233
3216295310
1842110120
1446438863
1266642801
3290360721
2498257701
2016145115
1239023254
1265255614
1401924303
1640312440
1792385811
2524182710
1915938172
1608192237
2651521121
1572551632
1230929295
1854260585
1214080560
1655298034
2570460760
2391156643
1675349907
1896949977
3156290682
1963546865
2754463057
2915219617
1767594057
2609657973
5032213977
1886147631
1167042150
2063188081
1961558557
1661074011
1968489707
1743843172
1803762663
1196027244
1929120691
1799960993
5192541719
1644054473
1663679227
1867941802
2367873697
2882394232
1242847951
1904134625
1380337057
1795876901
2334548875
2036427314
1844150195
1925578020
1951034454
1400412910
2703976323
1922735153
2387261701
5115269913
1751254721
2011057414
1693022090
1313649214
2323702154
2821953255
1339580854
1707323931
1736682097
2330249414
5023498049
1675494320
3210767032
1690760041
2157626342
2818614285
1170802760
2466882680
2173840817
1746737495
5289214189
1634335750
2318473497
1215003747
1793040672
1117629605
1739403761
1760139213
2715128151
1224156437
1909337367
3067368521
1645914323
1645133515
1557971763
2117389934
1689595173
2134893865
1656801407
1655037751
1758322611
2038133547
1737838642
2817713783
1708677420
1679555884
1742795105
3149015050
1727921113
3209870485
1674559764
1652647280
2057673592
1917218945
1815153595
1568610791
2643477865
1806887235
1747282895
1763496301
2317286240
2633498764
1575872515
1492186977
1573670694
2112355742
1785954921
1155199635
2686772433
1143506671
2628959903
5040911457
1916051994
2373564081
2650172763
3608536584
1644526755
2289912015
1534492871
1747354781
2129540317
1868894203
5271530236
1857127094
3318651420
1909407335
1501266871
1234814990
1875984702
2174804472
1579760397
1085884213
1993467745
1811555702
1744959420
1420140427
2542674824
1873124057
1866123141
2334522741
2034297015
2938104154
1939844575
2812622342
1065565330
1215617077
3118698085
1829563535
1429322790
1648069983
1804591787
1692878202
1448076017
2352883885
1651263807
1768611235
1642298342
1641482827
1693024710
1648245133
2721589144
1806853725
1773047113
1284679594
1932107693
1855281015
3047810840
1649495037
1882354804
1875539287
1086869203
2461323585
1836138791
1081156407
1728211902
1422053633
2043621157
1189231854
2047887663
3199580400
1085040452
1944584485
1082575405
3895582971
1511430474
2201791852
1913034661
2030301057
1708546271
1144709242
2161882782
1198408320
1752001017
1955525701
1980891715
2750547941
2233880220
1752997232
1288022580
1246427622
1721117664
2096429693
1934575155
1758970954
2494790785
2881597814
1790668075
1842408244
1763303017
2106318000
1585960345
2656220757
3805427187
1250006133
2118638393
2780276145
1896106701
1665096485
1790544965
2302736920
1894765533
1763148520
2756713582
1805843663
2085932023
1908808204
2264257487
1865110697
1708346101
1949275777
2099970161
1642092842
1752951137
2951642287
3092276657
1984405025
1319227091
1131437220
1065761873
2251263451
1323872467
1670140372
1699946562
1549260981
1870491764
1869775422
2251593307
1200202305
2242460560
3200311520
1945786073
1623770172
1256496345
1898562807
1098955251
2010982630
1718473384
1406179213
2390795793
1874353157
1507316714
1620197420
1668947913
2189916552
2901439267
1642348837
2834824854
2473002632
1798336527
2160158591
1762475202
1572501353
1627230900
1687217645
1646443851
1875211891
2405750717
1119408761
1979309485
1308772570
3164993315
1796285171
3820989061
1783549251
1821434677
2797455724
2630990702
1658397025
3007738005
3836258619
3409190372
1653154915
1960216993
1456496810
1656942701
3888418816
1647118494
2112073510
2388582781
1876994284
1646720891
1674921762
1646627354
3117719013
1160996642
2672672933
1779976873
1683298872
1731424117
1663843995
1564078360
1732670311
1773837341
2196330875
1683324773
1813236943
1744968102
1919712114
2055772884
2008319351
1655184111
1679809920
1693957113
1712457413
2191162660
1929855261
1233332131
2377567224
2855265790
1821512987
1801698014
1857401837
2163476800
2003037335
2273872443
1750957014
1861931154
3205750761
2476529951
5109215482
1408498120
2794761064
1649629331
1883604173
1799471575
1641555250
1651714661
1622944584
1663026704
1579270742
2827301907
1584431824
2208059980
1294751993
2284164357
3205776527
2343522673
1855695051
1656362472
1392736512
1796793592
1763085904
2804880732
1616263963
1950435930
1830012951
1340867741
2460713924
1647459664
1809294144
2664982203
2584971924
1801713580
1369293783
1701485561
1644805215
1818909485
1775163662
1796857455
1762393861
2961470534
1944903192
1653253137
2517025277
2943567137
1859234980
1913832204
1671825297
2633073703
3306781534
1745826474
1623684554
2615894364
1411711380
2038126015
1807327920
1656864414
1863219604
1890022690
2627055427
1950423540
2599021281
1880054925
2096081534
1931750772
1769646010
3060427534
1808756460
3280734960
2909650820
1828326864
2610332800
1757452087
2213620620
2338291980
2121743480
1449365753
1280575834
1665139353
1784459863
2706781677
1819383997
1861039554
1727040000
1690385133
1998310495
1533607522
1750921967
1403914952
1415320072
1752198965
1286475972
1653671090
1925492143
2647728640
1703765530
1832606760
2799887312
1812188721
2120958417
1988835953
2001959365
1140086017
2232052362
1633008457
1562169243
2161473824
2213024162
5048864493
2772603814
1345683401
1805741613
3464208534
1626353191
1909808895
1853028353
1260970523
1403722220
1588242201
1802531941
1403298955
3447823134
1502850275
1670059883
2409109045
1751903331
1972922785
2480977607
1662516050
1588309842
1071551742
1850102465
1732976134
1705233250
1869272204
1571294270
1213779517
1661487382
5078678019
1597675351
2213544604
1747900082
1663537585
2096110195
2113729271
1792256667
2782246567
2283653595
1394736873
1827569057
1850751587
3133068967
1746209077
1660579792
1800948553
2304219380
2106110465
1885933873
2090657201
2031941547
2059648327
1914643755
1368406624
1829621715
2781971343
1164944861
1803007065
1762856437
1277004692
1258062961
1402889067
1689350571
3261483014
1096933785
2274456120
1822049745
1929571812
1715774202
1908173193
2062489913
1798346992
1695010990
1821100410
1634572267
1078561571
2949085787
1941734012
1081852574
1973329553
1264698335
1648552482
1742681333
2439012712
1101426740
1639049692
2358587517
2328639230
1744236131
1672218611
2135857803
1842350243
2358843974
1843652500
2104295911
1751074064
1791091101
3128202555
3887784495
5194682349
1735735617
1781186523
1775928351
1420592053
1825763760
3993392011
1687629003
1307880723
5072740264
2617650443
1866125870
2528335963
2705194471
3229194207
1439308715
1882973985
1343256264
2204632845
1766036975
1446732127
1230272762
1304229284
1619654572
1862245860
1861390813
1650330384
1787304552
1303225354
1759207875
1776980712
1465523342
1880009392
2574362917
1904586585
2752290261
1789822550
1733823957
1778161853
1647559255
1837159121
1720470452
1468092867
1613788585
2145297991
1801471712
2141314417
1438251494
1927751303
2247041483
1696428795
1687115262
2502351074
2269046605
1464871545
2120387125
1898129035
1301092153
2352627267
1829714785
1872222672
2621088514
1063708575
2014246961
1614213005
2151868372
2231215252
2822070012
2084106111
1751625145
1656354774
1687702651
2955828717
1828395307
1195528222
1773136864
1418652382
2565357074
2169099043
1651087430
2714029374
1728693864
1729967200
1662107607
1863254677
1182235301
2178022097
1828319514
5489824640
2125319813
1757060277
1282362664
1275059321
1252464220
1599625971
1678367084
1406513792
1930084113
1244521731
1634389821
1096772520
1931256253
2230826382
2742126882
1452901315
1278869353
2083936595
1782894977
1681483383
1186862077
2186160485
2809221420
1425361004
1885119265
2238452025
2320548162
1600752314
1692236553
2119723275
2287358641
2661150532
1791615685
2016778380
1870492824
1883610583
1645597932
2634841042
1410258723
5496060668
5539806783
1497174621
1340466193
3560937765
2971367144
1640581712
1961491415
2039859862
1407190343
1743493273
1931300513
1202228144
1786626005
5077211061
1651169820
1639489444
1758053453
1640192052
2060881173
1429950522
2509662152
1315746121
1644850715
1788147607
1948696350
1942966021
2026245363
2028128287
1051296572
1923286093
1665031583
2518838910
2019683237
1043653683
1733524327
1601037904
2826467967
2186643644
2649867213
1730341244
1632276303
2979635684
5286953617
1833043505
1866030227
1784483075
3533705051
3951612421
2959553652
1953869927
2254582370
1976703373
1655691795
2458343183
1922623041
1647338777
2282403251
2271783370
1744088430
2326171647
2844151823
2038013194
1357997872
1871717313
1649283485
1093101823
5236078415
1979492541
1765935455
2277253740
2188592320
1747796674
1299491507
1427069560
2260584023
2011617117
1975446432
1713759141
1733575004
1671107457
5261763979
2767889583
1669660365
1800502917
3442606930
1757039237
2591363705
1762702755
1985466741
1848882947
1731893600
1932772470
1773895970
1292840945
5458360100
1868138932
2239188471
3025009843
1886324313
1069187583
2261240843
1628084305
1588919735
1915849053
1236650617
1821729732
2490258971
1883956003
1062889452
1156073987
2845856600
1562818707
1838452531
1685911222
3151176205
1649129364
1295800327
1847289597
2640834325
1594966925
1890493142
2634273055
1787936781
1737514200
2128099553
2095238990
1748148724
1771849425
1654551662
1655302624
1221380600
1798599995
1318424894
2257492497
2672132067
1620874084
1507598844
2711434554
1741995950
1864580310
1608042797
1890414785
1832734923
1670457297
1775507977
1694193863
1064739154
1569666352
1406019847
1692912005
2824103425
1646367745
1775114841
1718768780
3039860523
1402145764
1764052320
1650093202
1872191414
1644201423
1872065831
1733045633
1747684000
1953081441
1745902925
2281129835
2104488965
2243077047
2230571513
2261490027
2429381065
1660312802
1801884920
1066642805
1766855900
5037630874
2317965667
2969500221
2305118132
2610186285
1994261227
2650340337
1946226697
1643233253
1967666877
1739767405
3225855000
1630129725
1276716807
1644168417
1910403463
1949847280
1224417871
1751123104
2056907381
2294812711
5237291335
2532619514
1184553625
1900441635
5605799807
1838166747
3655896563
1880788074
1568243012
2215815283
1696340717
2009591431
1679638222
1675653773
1308790207
2244030042
1707305657
1846843552
1458434117
3260819262
2168785352
2123659191
2141749745
1714921470
2960829132
1901906723
1565244927
2527346291
1241350035
1874196515
1062648075
1835867522
3214518784
2212662381
1922327783
1863181980
2755868321
1741750640
1661777074
2197040790
1705930024
1854647991
1796464982
2213246383
2277486452
2201552055
1949945401
1740396931
1437947261
1708144570
5047855243
1744297611
1398170301
1465044573
1651653420
2251601972
1038488012
1311591024
1768875451
2273320533
1649574653
1463641785
1300225591
2787243753
3986282185
1244092590
1609477915
2300646802
2335466501
1670857342
2216553522
1447411715
1401396132
1971544281
1658926990
1649826912
1164342280
3266721015
1737277517
1286056333
1605308424
1737595370
1257789914
3703763360
1408211657
1580926750
1298616443
1225856525
1876848685
3045105222
1744331134
2655465472
2093624671
1902612971
2937548665
1731021364
1057096024
1714208524
2267460564
2775771257
2356740963
1226363532
2827921270
1794101620
1973244982
1162382641
1874632930
1779484697
1494882470
2450212273
2669594835
3029945677
1946135591
1649623841
1417758763
1697432605
2753367831
1780170870
1649736520
1275792447
1790194633
2365188025
2708937633
1653481693
1958320677
2240434633
1659233283
1143426302
1697141830
2167411900
3238557634
2457617320
1736848042
1253921060
2627602693
5311489331
1030606152
2833454647
2077695783
1720427067
1229786483
3080114137
1680851295
3237582245
5559708518
2215483152
1731548937
1735747705
1845024785
2254498794
1651761527
1608417694
1264038270
1372238303
1612898587
5165002584
1260805914
2210744541
1706384052
1953980027
5255426118
2064832455
3645729552
1068242464
1671869810
1832608162
1566601972
2668939611
1795755815
2369219270
1653237013
1671380490
1891228700
1759630251
1763206812
1840684650
1407064244
1441660243
1734576165
1664824877
3884889140
1401062823
3025038267
2249374474
1829932833
1705337431
1960752235
1650154983
1361097337
1245187264
1216795733
3516102942
1873576563
2176865964
1710225855
1763266493
1712363645
1929389531
1910166634
2977681790
5447983274
2098868362
1407178230
2755243441
1865439763
1749628431
2443951013
1650208213
1818926411
1627746550
1644453283
1287898801
1733137287
2341395390
25975400
1868566351
2014709034
1844181702
1405654175
1723592031
1889119530
1402233344
1341538185
1802009964
1786283121
2805427344
2039039345
1894338123
1835809867
2623781343
2435163024
1808757351
3625123980
2772439025
1840153872
1666103967
2295009267
3190867331
1639255440
1450224195
1671251907
1835901724
1692177587
1650186020
2508951294
1879292594
1771197801
2757103725
1966276471
1245586113
1080619760
1826567321
2084706803
1659946704
2945128331
2162074794
2082488213
1891688543
1434468522
1783488371
2045746250
1947092970
2178670932
1731066513
3455738232
2818646115
3846249696
1737150561
1407847864
1525612104
2166224217
2178350607
2291032973
1583615795
1914424977
2090324617
1887912964
1737664750
1763456563
3210067455
2260562317
1889019865
1752458857
1877963752
1495375762
1758808973
2884588765
2720753071
1619471907
1643978725
1650555225
2056725322
1863206535
1570563385
1772328630
1417336202
1781051094
1993995765
2217449150
1916532822
1312396092
1799788557
2086886233
1903873350
1729567727
1729125977
1886047885
1720175503
2708563081
1745622882
1649485833
2693078791
1924812001
1420383810
3494554097
1486693814
3276355352
3310707575
1889804137
2649953644
1082693863
1843723585
1731507774
2463868984
2109021185
3273608381
1785910384
2149293813
1239685430
1787761401
1718752302
2460066742
2026971193
2124605215
2345959212
3161381874
1507514980
1679904580
1729592524
1363167890
5239098741
2713063624
1856361801
1625681312
1767168302
1662392335
1646692963
1747801730
2653011973
2773558341
1871030522
2357009594
1922154151
3175520233
5617666852
2312353191
1650008052
3665240227
1886736382
2199291904
1751350900
5054497665
1682744870
2713061627
