1642333010:150 150 217 
1707085527:
1897012817:308 254 8 214 171 275 38 381 88 
1680738027:14 82 174 213 138 
1971296673:341 383 
1647631444:364 367 289 320 402 396 357 285 393 64 
1676693175:260 375 144 70 407 362 170 306 118 371 
5192295756:73 
2923323157:111 
1161133861:
2394651420:321 
1244352900:
1130775900:407 362 319 328 181 187 295 73 388 244 63 
2900801500:
1869755961:256 12 
1692800285:302 262 281 170 351 410 173 
2248655893:302 375 265 169 235 190 384 374 322 
1559028325:
1719253132:40 176 292 368 32 67 386 246 87 204 301 231 43 336 235 190 272 26 278 116 412 
1659018714:
1909216141:132 60 168 264 233 141 7 215 229 310 342 277 348 273 255 266 
3043179183:111 295 73 152 46 17 122 
1812823041:211 154 155 21 291 327 160 390 81 347 159 81 263 57 
1717827473:186 45 192 306 350 92 338 351 16 123 
1694760630:271 295 12 
1657343344:
1711719001:
1347178692:231 
2510526751:231 
1276843254:
1939898004:156 140 53 50 140 295 73 
1475990055:212 119 131 256 12 
1253162383:260 247 170 42 292 12 409 307 415 
1526014171:336 146 59 336 37 336 
1639103710:12 250 351 374 354 117 236 117 225 12 24 146 
1673951223:
1664529727:256 12 117 225 124 251 104 126 79 95 400 27 293 
1622336177:313 55 89 394 
1393826094:326 261 274 358 34 108 153 51 33 90 253 
1871705573:231 262 341 324 
1846551685:
1639514154:163 406 115 337 170 260 94 408 330 12 238 
1639026931:256 12 248 84 135 227 259 164 311 339 311 202 12 76 71 
1652558402:329 
1530519042:354 245 280 99 117 336 336 130 
1636996085:230 200 234 63 315 260 297 40 
1642411414:152 210 107 85 399 290 41 72 170 
5574240928:
1601594455:
3201070642:170 262 46 17 122 295 73 
2007695831:
1766200591:
1226833701:351 
3330266210:271 
1952495627:344 331 
1654562460:
5659598386:
1678009855:
2589255764:80 323 317 366 317 25 218 188 12 292 117 225 
2732347611:
1905274713:
1784010372:
1821725791:370 100 232 224 29 184 411 387 355 123 170 416 356 123 191 189 123 240 121 1 
2013393902:73 343 364 46 17 122 262 
2762482007:332 46 17 122 
1603856731:210 117 225 304 250 392 13 379 361 374 
1652794147:284 76 392 242 136 134 109 385 319 112 54 117 225 
1295620034:291 165 28 360 182 56 282 201 148 138 102 417 305 162 133 23 66 174 14 138 
1741963714:77 229 300 173 303 223 380 86 10 170 286 157 151 193 377 411 
2607887710:22 413 397 269 292 161 384 117 236 
2259878952:158 2 260 62 398 179 18 247 279 91 4 
3665285253:207 257 162 133 0 
2099700005:351 195 134 365 295 63 199 
5730188835:166 258 374 325 105 404 123 181 187 170 77 143 231 
1876536071:178 318 20 52 97 26 11 375 101 222 65 389 39 44 294 11 142 312 181 354 
3800643442:
3175502977:364 341 383 
1572926191:18 365 82 183 374 100 171 359 69 378 
1947212081:
1357237294:351 
1912849155:77 405 411 287 311 114 113 119 139 125 416 137 30 145 
2037707177:73 
1846835923:110 46 258 330 73 306 281 302 375 
1650740281:383 
5572173821:207 257 9 231 170 341 324 335 197 
2094647325:78 26 19 418 175 288 100 346 216 172 93 298 
2034222112:37 196 256 15 401 336 49 305 180 117 170 314 283 98 6 
1758919001:243 123 351 391 35 74 226 134 220 262 173 185 220 207 306 
1075498413:375 58 334 268 309 407 362 363 231 295 128 83 
1738462282:194 296 127 296 68 270 249 373 149 142 351 
2978919931:
1930045042:
1726710563:403 134 205 17 122 302 306 123 31 391 209 
2178856214:239 306 237 89 208 203 181 349 
1422252584:340 219 228 411 
1300718617:207 257 262 177 63 295 73 267 231 207 350 333 343 372 63 
2757230581:329 
1720820864:345 36 49 36 49 339 49 341 383 
1701892415:287 311 3 
1824811120:
