2373564081 640
1049198655 637
1161133861 551
1098618600 328
2007695831 278
1680738027 245
1690385133 240
1642316384 238
1644284007 213
1854260585 212
1661307294 204
1719253132 196
1707085527 190
2425410542 185
1654562460 181
1735850285 175
1718714652 173
1644306803 170
3330266210 164
1747267692 160
1573046985 154
1697716777 153
1645143405 145
1834812694 139
1758053453 134
2094647325 133
1607455615 132
1237946757 131
1151280692 131
1639026931 130
3211946000 128
1696300420 124
3092276657 119
1881941252 115
1867713342 113
1417827361 108
2722723393 107
1510063283 103
1182590854 101
1728899515 100
1311990492 95
1689618670 94
1784010372 90
1708346101 90
1889019865 89
1226833701 89
2039445353 86
1654810804 85
1706779320 84
1980768563 81
1640297597 78
1228314752 78
1823796270 77
1682961914 77
1696340717 74
1640341465 72
1802509742 72
1660579792 68
1731432115 66
1170535403 66
2635348452 65
1772739025 64
2034222112 60
1817729135 60
1211083322 59
1242465241 59
1600638174 58
1648174331 58
1496846132 58
1683298872 58
1824329767 57
1645133515 57
1791540084 57
1402145764 56
1665335994 56
1586531323 56
1741721832 56
1882805822 54
1643108347 53
1631760483 53
1647728255 52
1400482765 52
1639826731 51
1401256334 51
1685834351 50
1165079767 50
1026058784 50
1071551742 50
1608907662 49
1655303445 49
1682877440 49
1726767017 49
1407190343 49
1560659460 48
1968207727 47
1656750814 47
1418652382 46
1667401345 46
1874908881 46
1669545463 46
